<?xml version="1.0"?>
<opencv_storage>
<calibration_time>"ven 12 nov 2021, 20:46:16"</calibration_time>
<nr_of_frames>25</nr_of_frames>
<image_width>1280</image_width>
<image_height>720</image_height>
<board_width>9</board_width>
<board_height>6</board_height>
<square_size>25.</square_size>
<fix_aspect_ratio>1.</fix_aspect_ratio>
<!-- flags: +fix_aspectRatio +fix_principal_point +zero_tangent_dist +fix_k4 +fix_k5 -->
<flags>6158</flags>
<fisheye_model>0</fisheye_model>
<camera_matrix type_id="opencv-matrix">
  <rows>3</rows>
  <cols>3</cols>
  <dt>d</dt>
  <data>
    1.3033238769018633e+03 0. 6.3950000000000000e+02 0.
    1.3033238769018633e+03 3.5950000000000000e+02 0. 0. 1.</data></camera_matrix>
<distortion_coefficients type_id="opencv-matrix">
  <rows>5</rows>
  <cols>1</cols>
  <dt>d</dt>
  <data>
    -3.2920336722164753e-02 -4.6675028780979124e+00 0. 0.
    2.3616645081433166e+01</data></distortion_coefficients>
<avg_reprojection_error>1.8705820315706263e+00</avg_reprojection_error>
<per_view_reprojection_errors type_id="opencv-matrix">
  <rows>25</rows>
  <cols>1</cols>
  <dt>f</dt>
  <data>
    4.22789276e-01 4.30788070e-01 3.91771764e-01 3.59397143e-01
    3.51953268e-01 3.70794863e-01 8.64728570e-01 1.28573060e+00
    9.61762726e-01 8.68643880e-01 9.75340724e-01 1.11460507e+00
    1.77118766e+00 1.79328132e+00 1.40966916e+00 4.11079502e+00
    4.18831587e+00 4.07974291e+00 4.07440281e+00 7.93913543e-01
    8.94059479e-01 8.33977878e-01 9.67950583e-01 8.93583059e-01
    6.38882339e-01</data></per_view_reprojection_errors>
<!-- a set of 6-tuples (rotation vector + translation vector) for each view -->
<extrinsic_parameters type_id="opencv-matrix">
  <rows>25</rows>
  <cols>6</cols>
  <dt>d</dt>
  <data>
    2.5247727280579311e-02 -5.2966165695283694e-02
    -3.1359101666828564e+00 3.3029511328178081e+01
    -1.4153473718606844e+02 1.1334041107893454e+03
    2.2277502633092944e-02 -4.4846839422890798e-02
    -3.1358524413436291e+00 3.1939224981049883e+01
    -1.4109051368101441e+02 1.1308657104971412e+03
    -1.2831088152608460e-02 -4.5427130040596550e-02
    3.1364483442230076e+00 3.4045071306894329e+01
    -1.3433305486911777e+02 1.1312917721003207e+03
    -1.8105657914436971e-02 -3.9569728753095411e-02
    3.1364198649647266e+00 3.3216904842473937e+01
    -1.3266669445560242e+02 1.1314951076672432e+03
    -2.2762367345687019e-02 -5.4725923002528001e-02
    3.1335868681089956e+00 3.3888953576609907e+01
    -1.3069881782558289e+02 1.1320808086952238e+03
    -2.2441429640768812e-02 -6.1417647808318800e-02
    3.1324373981178883e+00 3.3993759297835638e+01
    -1.2986689576854954e+02 1.1321916149832257e+03
    6.0757939225088778e-02 8.6505817565557086e-02
    -2.3742140539098848e+00 2.4286740720082847e+01
    4.7321005138560530e+01 1.0196964647526705e+03 3.5226650663916156e-02
    -5.1979041668298198e-01 -2.9852579319842039e+00
    6.8792116877004077e+01 6.6245426053156308e+01 6.6088731010093397e+02
    4.3832595638937911e-02 -5.6491006944930877e-01
    -2.9814203285736780e+00 6.6288119156931032e+01
    7.5914984701639369e+01 6.5682978296273075e+02 4.8352146905430264e-02
    -5.8028672871452402e-01 -2.9794611887139340e+00
    6.3230608700657086e+01 7.5525784943763483e+01 6.5444381274688578e+02
    7.3293552893786626e-02 -6.1735851488863247e-01
    -2.9737087958339465e+00 6.0410297689560039e+01
    7.7114709551815437e+01 6.4853091729571724e+02 9.4431156480191111e-02
    -7.3165964621217472e-01 -2.9547897625752100e+00
    5.9631359797461727e+01 7.1066168003029375e+01 6.2770256529005451e+02
    1.4615912184027161e-01 -9.6927617097476482e-01
    -2.8925671461429645e+00 5.2690634476635893e+01
    5.2398238772475814e+01 5.3174221995456730e+02 1.6517713780363599e-01
    -1.0646586212087836e+00 -2.8451455834755466e+00
    4.4220171401073252e+01 5.7402142921008021e+01 5.1377343437515970e+02
    2.0150511048708689e-01 -1.0929996450130901e+00
    -2.8524324075513041e+00 4.4395054509486833e+01
    5.6346747211618229e+01 5.0914927214181108e+02 3.9532436261171083e-01
    7.7990376144580020e-01 -2.1284670607449336e+00
    -6.1005788064407707e+00 9.8281471946074419e+01
    5.3744434993018183e+02 3.9941438332935797e-01 7.8545874689601858e-01
    -2.1263264585378976e+00 -7.3478230881377220e+00
    9.9313081997162840e+01 5.3790551625354919e+02 4.1471997739200189e-01
    7.8110759375234551e-01 -2.1360322515240218e+00
    -7.9134345362004161e+00 1.0131836876942285e+02
    5.4074643684544651e+02 4.1147842582498217e-01 7.7130829363173803e-01
    -2.1405002245783642e+00 -8.1780782080773111e+00
    1.0209240766602476e+02 5.4071711317197537e+02 3.0455759907638359e-02
    -3.9474772353120996e-02 2.3751335226973538e+00
    -2.2499273002328553e+02 -1.9104780534751453e+02
    1.2991720976669142e+03 4.7897931978312783e-02
    -3.6979151558164641e-02 2.3706028192924853e+00
    -2.2322730840468461e+02 -1.8939687207347561e+02
    1.2974984658661529e+03 -5.3433170835456489e-01
    -4.9983414749800198e-01 2.2695178908961866e+00
    -2.3593101786336143e+02 -1.9525481953910963e+02
    1.3559818007382407e+03 5.1000358725007279e-02
    -2.2444193055516051e-02 2.3554896853781799e+00
    -2.2366034069373967e+02 -1.8717011926555662e+02
    1.3019455337043785e+03 4.6166032581127066e-02
    -2.6569040384764108e-02 2.3600873333360037e+00
    -2.2605790040367052e+02 -1.8651513322444299e+02
    1.3046925833302878e+03 -7.6194439699235797e-02
    4.7494583104403010e-01 -2.0623839921925140e+00
    5.7298960607736298e+01 -1.4777831719314328e+01
    1.1664985954670833e+03</data></extrinsic_parameters>
