<?xml version="1.0"?>
<opencv_storage>
<calibration_time>"ven 12 nov 2021, 19:54:09"</calibration_time>
<nr_of_frames>25</nr_of_frames>
<image_width>1280</image_width>
<image_height>720</image_height>
<board_width>9</board_width>
<board_height>6</board_height>
<square_size>25.</square_size>
<fix_aspect_ratio>1.</fix_aspect_ratio>
<!-- flags: +fix_aspectRatio +fix_principal_point +zero_tangent_dist +fix_k4 +fix_k5 -->
<flags>6158</flags>
<fisheye_model>0</fisheye_model>
<camera_matrix type_id="opencv-matrix">
  <rows>3</rows>
  <cols>3</cols>
  <dt>d</dt>
  <data>
    8.3043767369175271e+02 0. 6.3950000000000000e+02 0.
    8.3043767369175271e+02 3.5950000000000000e+02 0. 0. 1.</data></camera_matrix>
<distortion_coefficients type_id="opencv-matrix">
  <rows>5</rows>
  <cols>1</cols>
  <dt>d</dt>
  <data>
    -3.9643210019447245e-01 8.6031065252507222e-01 0. 0.
    1.0745743653178976e+00</data></distortion_coefficients>
<avg_reprojection_error>1.3010111311214609e+00</avg_reprojection_error>
<per_view_reprojection_errors type_id="opencv-matrix">
  <rows>25</rows>
  <cols>1</cols>
  <dt>f</dt>
  <data>
    9.35647190e-01 1.01612318e+00 1.10000527e+00 1.21586907e+00
    6.17114484e-01 6.60840333e-01 6.75082445e-01 6.36630058e-01
    6.19451165e-01 6.40572011e-01 6.05785966e-01 6.54750228e-01
    5.99115312e-01 6.01842403e-01 5.93668044e-01 4.89292288e+00
    1.01352799e+00 9.97100413e-01 9.90288734e-01 1.00228345e+00
    1.06014049e+00 1.20053387e+00 1.21374190e+00 9.78464961e-01
    6.59113467e-01</data></per_view_reprojection_errors>
<!-- a set of 6-tuples (rotation vector + translation vector) for each view -->
<extrinsic_parameters type_id="opencv-matrix">
  <rows>25</rows>
  <cols>6</cols>
  <dt>d</dt>
  <data>
    1.9838470642372627e-01 1.2971663569045655e-01
    -3.0819806342323339e+00 1.5314277694626679e+02
    3.1907871792267798e+01 4.3877547496799161e+02 1.5727868904589476e-01
    4.7091482682399245e-02 -3.0884400439533395e+00
    1.5419449051819325e+02 3.2059039655318713e+01 4.3411245491057787e+02
    1.0593910404311876e-01 7.9669730924609994e-02
    -3.0853314907318294e+00 1.4622436158094226e+02
    3.3757275274319660e+01 4.2940622081059013e+02 1.2807867161014122e-01
    5.1549840111112286e-02 -3.0875629302624379e+00
    1.4271477753839383e+02 3.1752113045131853e+01 4.2439638487118401e+02
    6.3527835868819396e-02 7.6546529104511924e-03
    -2.4965065625892873e+00 1.7916655627121023e+02
    9.1288259644719105e+01 7.5554236668732005e+02 6.8995274289499781e-02
    6.1942208637491742e-04 -2.4940243729580964e+00
    1.8248734054384551e+02 9.2191735668799566e+01 7.5517370904205791e+02
    7.5519622981753576e-02 4.4208558949713908e-03
    -2.4920687651730846e+00 1.8580220370977969e+02
    9.4230294932101160e+01 7.5631972768718845e+02 6.4037278160454583e-02
    5.1544114039251333e-02 -2.4752490255444139e+00
    1.8911151712075494e+02 9.7292348151828634e+01 7.6307677174117589e+02
    7.3628707691227924e-02 5.4908137961716966e-02
    -2.4719132031667863e+00 1.8972502688421000e+02
    9.7301762357117170e+01 7.6411178709011460e+02 8.5567774437248181e-02
    3.5948658253812181e-02 -2.4743230743693498e+00
    1.9040201783068932e+02 9.7464081278549472e+01 7.6346402162181869e+02
    8.8943302012487249e-02 3.9002215395221466e-02
    -2.4822561766733751e+00 1.9133542414126563e+02
    9.7844822776561514e+01 7.6474363006820101e+02 9.0343671691728397e-02
    -8.3798440025803134e-01 -3.0112583752768525e+00
    1.1410071668568978e+02 3.6112268742886208e+01 1.0062136404910833e+03
    1.2299792673442442e-01 -7.4476921966867538e-01
    -3.0430913526276115e+00 1.1426246380403673e+02
    2.7572861479860844e+01 1.0365649775735471e+03 1.6254425316264060e-01
    -7.6612261350462740e-01 -3.0335795213389209e+00
    1.1552445402119187e+02 2.1258077947612598e+01 1.0667703554175448e+03
    -1.8249502079977842e-01 7.5623313528513392e-01
    3.0363926914144970e+00 1.1126668716743201e+02 5.2343779261121526e+00
    1.0358876993214744e+03 3.4803103451791884e-01
    -5.6856465074329211e-02 -2.8573263111331180e+00
    1.5750348907728011e+02 1.6504665257470272e+01 4.3225091324162827e+02
    6.8391750801078366e-01 1.1628969254725749e-01
    -2.9722472044707802e+00 3.1077529422557620e+02
    3.0329156725754846e+01 8.5309437155863134e+02 6.6847524978241779e-01
    1.0835685549667921e-01 -2.9765443370478932e+00
    3.0714756229032156e+02 2.8532880082901883e+01 8.5252307388446570e+02
    6.5574924110811839e-01 1.0338674023337369e-01
    -2.9816919114501848e+00 3.0368794717038742e+02
    2.8504782719313329e+01 8.5012473921123103e+02 6.6755276156205667e-01
    9.8086795970269189e-02 -2.9805465777665856e+00
    3.0546810767189396e+02 2.9017666630701456e+01 8.4863406845118084e+02
    -1.0200883800501719e+00 -4.7049818975014901e-01
    -2.8292915496041808e+00 9.4873826945746430e+01
    2.0051531298865626e+01 7.3903731344664664e+02
    -1.0478192123699588e+00 -5.0057933843921021e-01
    -2.8062478568598661e+00 9.1251548926546391e+01
    1.4028059458552152e+01 7.3384314383843582e+02
    -1.0575814931164753e+00 -4.9546527925384337e-01
    -2.7999291462907325e+00 8.9934898167037730e+01
    1.2181615867103631e+01 7.3011727382666618e+02
    -9.8523604416292088e-01 -4.0026100218840643e-01
    -2.8517350778488009e+00 1.0163201508937703e+02
    1.7840067898416308e+01 7.3156172402076072e+02 3.1227977713538868e-01
    -3.5027652864857062e-01 -3.0013516937152174e+00
    1.8995548629046496e+02 4.9995538221125209e+00 7.6252947763447253e+02</data></extrinsic_parameters>
