<?xml version="1.0"?>
<opencv_storage>
<calibration_time>"sab 6 nov 2021, 17:37:27"</calibration_time>
<nr_of_frames>25</nr_of_frames>
<image_width>640</image_width>
<image_height>480</image_height>
<board_width>9</board_width>
<board_height>6</board_height>
<square_size>50.</square_size>
<fix_aspect_ratio>1.</fix_aspect_ratio>
<!-- flags: +fix_aspectRatio +fix_principal_point +zero_tangent_dist +fix_k4 +fix_k5 -->
<flags>6158</flags>
<fisheye_model>0</fisheye_model>
<camera_matrix type_id="opencv-matrix">
  <rows>3</rows>
  <cols>3</cols>
  <dt>d</dt>
  <data>
    8.1570624532298473e+02 0. 3.1950000000000000e+02 0.
    8.1570624532298473e+02 2.3950000000000000e+02 0. 0. 1.</data></camera_matrix>
<distortion_coefficients type_id="opencv-matrix">
  <rows>5</rows>
  <cols>1</cols>
  <dt>d</dt>
  <data>
    -1.0395472138875086e-01 1.9341746761503147e+00 0. 0.
    -1.0148508644111743e+01</data></distortion_coefficients>
<avg_reprojection_error>1.6087452452847943e+00</avg_reprojection_error>
<per_view_reprojection_errors type_id="opencv-matrix">
  <rows>25</rows>
  <cols>1</cols>
  <dt>f</dt>
  <data>
    2.48265624e-01 2.04703510e-01 1.82049692e-01 1.97447672e-01
    2.38835558e-01 3.20820391e-01 7.67786205e-01 6.53423905e-01
    2.15387210e-01 3.06031322e+00 4.11487341e+00 5.31805038e+00
    2.42534041e+00 1.29457617e+00 4.82458889e-01 4.87652749e-01
    3.52230221e-01 2.20208839e-01 1.30382910e-01 1.27746627e-01
    2.04290569e-01 5.10815203e-01 2.39479586e-01 2.37896457e-01
    2.69111931e-01</data></per_view_reprojection_errors>
<!-- a set of 6-tuples (rotation vector + translation vector) for each view -->
<extrinsic_parameters type_id="opencv-matrix">
  <rows>25</rows>
  <cols>6</cols>
  <dt>d</dt>
  <data>
    1.4713882238751738e-02 5.3735488228377162e-02 8.5442744370964781e-03
    -1.4277573875517206e+02 -3.7551727808756857e+02
    2.6598399743821492e+03 1.7342272080086967e-02 5.9547501923230071e-02
    6.5980747235037072e-03 -1.8899729099330452e+02
    -3.8877733228731398e+02 2.6368891163810545e+03
    1.2910139461043134e-02 4.8719279195006134e-02
    -1.8463706119725377e-03 -2.2384233703860320e+02
    -3.8891659484860628e+02 2.6145081075999419e+03
    1.4768780439085657e-02 5.8512847068346786e-02
    -4.2981909849129718e-03 -2.3819071056025118e+02
    -3.9159391010687261e+02 2.6106576936374490e+03
    9.9441741649058113e-03 8.5034732424042872e-02
    -5.2079728656539669e-03 -2.7178614682211833e+02
    -3.9239355107169047e+02 2.6126289147120633e+03
    1.1907605569915290e-02 7.1046865875323273e-02
    -1.1740667570763074e-02 -2.9633758424181070e+02
    -3.8931654659989147e+02 2.6148714320406307e+03
    -3.8816528402889149e-02 1.4799934975019496e-01
    -3.4654396213850075e-03 -3.3798267372808670e+02
    -3.9544706103126407e+02 2.6336639312852349e+03
    -5.4387523354270237e-03 1.1644577858539998e-01
    -1.6204546468235288e-02 -3.9396602719180453e+02
    -3.8619125680775250e+02 2.6400265945180877e+03
    4.2734600340386134e-02 8.7112776704091288e-02
    -2.1560500701436541e-02 -4.2604907081329367e+02
    -3.7184733132796134e+02 2.6679561076304922e+03
    4.1428968383001386e-01 8.8296662595607894e-02
    -3.9532332688374494e-01 -4.2270265899673740e+02
    -3.3243585784035349e+02 2.9709538488653225e+03
    3.4679088430408372e-01 1.8278788218908815e-01
    -4.1553859520352937e-01 -3.2263374158628199e+02
    -2.8338608818346336e+02 3.1472329354218700e+03
    4.5849551663217214e-01 -1.8106906946586426e-01
    -4.1622854806845871e-01 -3.1133902471551039e+02
    -2.7219063092172877e+02 3.0732607017220903e+03
    -2.0952372876644224e-01 -7.7200219698092876e-02
    -4.0398498119617204e-01 -2.8164336077705241e+02
    -3.0575776877311540e+02 2.9341599080758469e+03
    -1.7848726012382646e-01 -8.5634587030666232e-02
    -3.7997357315552421e-01 -2.5904763151058040e+02
    -3.1585432826479718e+02 2.8772954150447104e+03
    2.2246760720964848e-02 -1.2492782989482265e-01
    -2.5934647163124230e-01 8.8674203147524068e+01
    -2.4427703246449113e+02 2.5382416079444188e+03
    2.5253117184525227e-02 4.0417203861817456e-02
    -2.5336617510990816e-01 6.3382894095930510e+01
    -2.6603312015141205e+02 1.6399623151308922e+03
    -2.7642598549545536e-03 1.2265875312030018e-01
    -2.9233753423161724e-01 -2.3234842722907254e+02
    -2.3791942641697506e+02 1.6208490946651127e+03
    1.8022980594351208e-02 1.5295357753700520e-01
    -2.9496761304672192e-01 -2.5526968461363722e+02
    -2.1909281683353470e+02 1.6066706574487591e+03
    2.2115215676585444e-02 1.3870825993472805e-01
    -2.9994647506781325e-01 -2.6021338747836694e+02
    -2.1191838560951817e+02 1.6034804134894543e+03
    2.7597077318439318e-02 1.3988880135991622e-01
    -2.9830041676577468e-01 -2.6212498161338374e+02
    -2.1275634901682528e+02 1.6088907282609341e+03
    1.3791496579806379e-02 1.5647431192922703e-01
    -2.9543871375849734e-01 -2.7199150913995726e+02
    -2.1061178834817824e+02 1.6151725215917536e+03
    9.1115778680891223e-03 1.8542507362648145e-01
    -2.9179845877376737e-01 -2.7704910260493818e+02
    -1.9955838040264925e+02 1.6376671198225565e+03
    4.2669368868757350e-02 3.5524700922704083e-01
    -5.7556914757983724e-01 -3.2196114820131834e+02
    1.4431102414934230e+02 2.2495328285431847e+03 6.0812978347391279e-02
    3.5650649977156407e-01 -5.6491402896730780e-01
    -3.1582784052991792e+02 1.3935124169756850e+02
    2.2289955310673899e+03 6.7869714239926979e-02 3.6341257235941343e-01
    -5.4306008538862871e-01 -2.9990889021492063e+02
    1.2075328470556040e+02 2.1939301954646294e+03</data></extrinsic_parameters>
